33 -31 -113
17 -30 -113
18 -30 -116
18 -30 -115
18 -30 -114
18 -30 -113
18 -30 -112
18 -30 -111
18 -30 -110
19 -30 -118
19 -30 -117
19 -30 -116
19 -30 -115
19 -30 -114
19 -30 -113
19 -30 -112
19 -30 -111
19 -30 -110
19 -30 -109
19 -30 -108
20 -30 -119
20 -30 -118
20 -30 -117
20 -30 -116
20 -30 -115
20 -30 -114
20 -30 -113
20 -30 -112
20 -30 -111
20 -30 -110
20 -30 -109
20 -30 -108
20 -30 -107
21 -30 -119
21 -30 -118
21 -30 -117
21 -30 -116
21 -30 -115
21 -30 -114
21 -30 -113
21 -30 -112
21 -30 -111
21 -30 -110
21 -30 -109
21 -30 -108
21 -30 -107
22 -30 -120
22 -30 -119
22 -30 -118
22 -30 -117
22 -30 -116
22 -30 -115
22 -30 -114
22 -30 -113
22 -30 -112
22 -30 -111
22 -30 -110
22 -30 -109
22 -30 -108
22 -30 -107
22 -30 -106
23 -30 -120
23 -30 -119
23 -30 -118
23 -30 -117
23 -30 -116
23 -30 -115
23 -30 -114
23 -30 -113
23 -30 -112
23 -30 -111
23 -30 -110
23 -30 -109
23 -30 -108
23 -30 -107
23 -30 -106
24 -30 -120
24 -30 -119
24 -30 -118
24 -30 -117
24 -30 -116
24 -30 -115
24 -30 -114
24 -30 -113
24 -30 -112
24 -30 -111
24 -30 -110
24 -30 -109
24 -30 -108
24 -30 -107
24 -30 -106
25 -30 -121
25 -30 -120
25 -30 -119
25 -30 -118
25 -30 -117
25 -30 -116
25 -30 -115
25 -30 -114
25 -30 -113
25 -30 -112
25 -30 -111
25 -30 -110
25 -30 -109
25 -30 -108
25 -30 -107
25 -30 -106
25 -30 -105
26 -30 -120
26 -30 -119
26 -30 -118
26 -30 -117
26 -30 -116
26 -30 -115
26 -30 -114
26 -30 -113
26 -30 -112
26 -30 -111
26 -30 -110
26 -30 -109
26 -30 -108
26 -30 -107
26 -30 -106
27 -30 -120
27 -30 -119
27 -30 -118
27 -30 -117
27 -30 -116
27 -30 -115
27 -30 -114
27 -30 -113
27 -30 -112
27 -30 -111
27 -30 -110
27 -30 -109
27 -30 -108
27 -30 -107
27 -30 -106
28 -30 -120
28 -30 -119
28 -30 -118
28 -30 -117
28 -30 -116
28 -30 -115
28 -30 -114
28 -30 -113
28 -30 -112
28 -30 -111
28 -30 -110
28 -30 -109
28 -30 -108
28 -30 -107
28 -30 -106
29 -30 -119
29 -30 -118
29 -30 -117
29 -30 -116
29 -30 -115
29 -30 -114
29 -30 -113
29 -30 -112
29 -30 -111
29 -30 -110
29 -30 -109
29 -30 -108
29 -30 -107
30 -30 -119
30 -30 -118
30 -30 -117
30 -30 -116
30 -30 -115
30 -30 -114
30 -30 -113
30 -30 -112
30 -30 -111
30 -30 -110
30 -30 -109
30 -30 -108
30 -30 -107
31 -30 -118
31 -30 -117
31 -30 -116
31 -30 -115
31 -30 -114
31 -30 -113
31 -30 -112
31 -30 -111
31 -30 -110
31 -30 -109
31 -30 -108
32 -30 -116
32 -30 -115
32 -30 -114
32 -30 -113
32 -30 -112
32 -30 -111
32 -30 -110
33 -30 -113
